exchange_rate_336_96_DLinear  
mse:0.11285394430160522, mae:0.23754918575286865, rse:0.25586172938346863, corr:[0.25496742 0.25506228 0.25491711 0.25437564 0.25426823 0.25418442
 0.25391006 0.2536078  0.2536786  0.25340042 0.25353172 0.25362986
 0.25364706 0.25377318 0.25388762 0.2535553  0.2538113  0.2538688
 0.25384104 0.25403935 0.25400415 0.2541924  0.2539694  0.25383186
 0.25389847 0.25356254 0.2533166  0.2532093  0.2530442  0.25320148
 0.25315228 0.253029   0.25317356 0.25345334 0.25330502 0.25326243
 0.25336218 0.25311062 0.2530097  0.25316304 0.25310946 0.25289258
 0.2521421  0.25248805 0.25251776 0.25257114 0.2522626  0.25214976
 0.25197685 0.25204563 0.25183728 0.25193688 0.25206587 0.2522468
 0.2524347  0.25249976 0.25245264 0.25267303 0.25285587 0.25289688
 0.25300947 0.25325054 0.25336045 0.25332996 0.25330696 0.25345182
 0.25329494 0.25327054 0.2531769  0.2532345  0.2531256  0.2531025
 0.25300387 0.25289977 0.25272536 0.2528237  0.25286674 0.25282294
 0.2526267  0.25259146 0.25252435 0.25243753 0.25251755 0.25273007
 0.25272426 0.25287685 0.2528763  0.2526348  0.25231716 0.2522008
 0.2519382  0.25187692 0.25146902 0.2511849  0.25100508 0.25066286]

